969542
38447
2876
0250
666014
9651
193361
46920202
454372
386093
372333
37194918
2008
14461756
60515
20629
16323430
61926019
279076
099384
4477
6315
8199792
544996
8327808
060543
7332656
598143
498698
7905512
217257
90123732
486783
7415
19229932
58457699
5336648
498376
96263
5852
16590
921830
8094149
94204834
26359
418666
92525
51032987
3672930
919585
7077699
3281
50103336
302598
768923
13358543
48699012
6886916
87846
7127
4323
23870962
46938
56680
8916823
2779
94418285
7758599
36461785
72613
36026823
27756712
7137727
0783645
372001
25151
5863972
62244
26644
677790
1186
15107
95497438
212115
45539221
790614
34923
0411
73136365
35048
27370860
54609
5677879
778514
3932
0265343
795093
69047
47768395
85727
4516359
354959
4680265
4740
8499598
3263086
45754
07085087
3421
02633238
03922
1012
35291585
285578
1252503
5200865
41441
38014234
96403096
394700
9513
09327314
582704
80014
210382
9862
33105325
5679
9925535
29798
6062069
8773
03294
32981
80816860
8485
0575
3847
18727
048515
421813
31843110
503943
408563
8195207
55257661
11631293
27265655
50189
36502
66917
4869
668714
4489793
71333592
8061
5999415
2787
8317
812157
7779
60853933
3098
23663108
30883510
10633270
9430
9838
53978
8406
9291
9164831
57644314
99312
24300
33586599
94617055
81928992
83270101
883890
42860
43919498
89168877
9176465
17094
456711
1781576
5533
5967421
9586
157910
2014766
0999199
012002
5467
8226
68375398
6348313
74765591
2948
504444
011768
24835
0667883
19969654
091036
0449
07564
59934195
34789
658418
93060970
868401
13437614
574826
65887581
27882930
7316
24119981
282257
94227428
580470
322117
85385953
6275185
72988278
6598754
934209
740851
3677
8215
423759
80046
0516
4948994
52980215
993028
48373
9044
6346
021045
3425811
7473196
08250023
01705
4425396
6116689
94571095
7298
1900
1995156
0010
9246502
21668
809945
5193
157011
92857
17458325
9936
9805000
29206
1552131
0273310
53294246
28994802
1330688
3793
6818
5176710
2547653
40686
094099
98869
87349560
4290
434841
6007807
94263125
5268
21729226
849861
9483
9930
80195354
89098
5236495
232700
883648
588144
57724
95080
3677
850838
4986602
71998
786521
8514954
9745
5222
77891
696946
91026509
5170
1457785
3128784
2200
64163367
88995
5029
25161701
69674
9925
3290813
83237815
574108
8278
8666
35340
23463
2493
40743097
74547333
2891344
8230
753761
5703466
183298
7619712
72586983
0485
4050440
18566853
2895994
55870250
99072
502506
52934504
3698098
17352
5808
1393
4862039
41266
277358
20867
90948
33400
87497467
78588468
62892151
059835
267774
4804965
98866
9434
325097
89173521
1733
7562402
0101
31908
649192
77080
8798
719373
88230
5026
48024822
0140
3297
5777
7780183
26475
47329070
6867
7426999
08322
35044
845692
8686221
2821582
118214
0625
7907587
4961
7654
8130550
66969139
23745146
59452344
919495
25032571
46605
740080
8367254
640301
43221714
73438094
577885
2758
40894
22304041
079967
4700107
161034
012277
40512530
12784788
78927
3921378
95428114
99625
88257997
4199
42399567
5270072
122846
75625045
7845
892558
87275887
079413
854747
9446751
9976435
48563
782885
58167291
7367152
15822
0081876
799263
9764
568097
05689
85350744
86745616
386021
21770
944213
5946
85981
00323121
27519203
916541
288866
66727611
63216
86776
7410263
052004
79754355
167894
41774688
26969376
47963820
320747
66041447
71802
3804
0552465
89830099
2191184
31435382
13910
64847
84880
0571481
923666
27830695
02394787
8539
6439841
103313
6044
3007
0072475
569815
473024
1037922
57759339
5408
9699446
918899
957249
90944
2804239
8079
0145756
1685529
7459
6877
8213
7321
0741209
1839718
09044
69524
165341
0644
1443726
6947498
73923
79543
2266428
008578
787809
6918653
3634578
216683
3600830
89188
485527
34230
046550
8199829
2429922
31897156
37723642
10368245
2106701
58850470
43413547
9956643
84815
48891
78499361
0591803
88533
4041542
9879
91704373
2633100
6837
1159028
279453
3876535
55764
52713
5890949
8350
7501
2797
90207647
3627
73342771
895657
904755
095115
55771703
644435
718212
84526
429993
22690
76410
3127811
1250
8094
4952
5917679
454336
318507
3247
26474
2221
92113
602121
10845725
2409
34036
43262491
477306
49359129
5938
6875
46028602
57630
60514750
0458446
956552
4563431
88082169
70746
852449
0790
188537
030911
6169
47999
341605
2175678
0152
33360
90176
76435
5133
11790749
4453
027242
127542
5438382
34613644
112205
6863
39619646
4962
0325350
61169
462486
492576
78598
1540225
723301
63194059
6369
32488
199925
67833
5949
455664
9647367
6194
1922371
065314
66416849
33869102
4226
902546
5255864
35561858
3521
492265
20441385
22795
0723154
9800
2717152
47456435
84354
3417972
3584
7523
8626
838764
12413
8769137
32598
7081086
9344
94779
8805487
61362
9728
97865
4832053
4016425
66173024
5787
8332903
180367
3470
02962553
47543
2105593
98604
0468
3465
76342
69052
32398801
724354
14287935
36969164
441035
9478124
183584
9511640
32719217
635848
4325832
89242463
2855908
821579
43968
13527
6704
8672
43312
6920598
03487963
0061582
06402694
13130
8315461
1519875
66084634
0803476
2195
20629
33338637
8070838
300559
384102
0529281
15820
1861
3052
99898
5900055
5396
733105
67296862
30958
824646
458894
88667
57489
79874293
09692
28562907
4234
7130
91384666
2465225
4244
0248155
121320
29335
3933477
4582
13871
20878278
724221
4227
66880798
85431
0036
9756
6109886
61637
73424635
348567
88854
0895
8345
50562
1750
06040
9101609
1279
757800
693371
1688130
561086
4325
5162955
63747662
4154
23495859
36297245
08993
036938
4567997
883099
996886
43716
371265
99806019
56908049
1275179
92544
88087
181413
47759105
60242482
9744230
9966
896341
89447919
05404
14505
217681
77924
2582
82582
22853802
757150
40359807
396056
17993236
077506
28210
9977
514378
6175
56979
54152190
92066
778306
4345910
680546
559630
79475304
2655
5693
37805689
4532269
21443
27158
3715583
8779758
96807327
2986924
0778548
82298
8277
4420881
8533937
2176599
5250
5110701
86336
15692
43885
4604
8904942
688263
7028
7588516
16810
297853
3113220
10638
86665975
8757
30270387
21963448
5717127
97218
37537476
632863
5595
65376096
5809263
937454
1765789
620496
7269761
0520
400999
038285
7569627
6992544
062343
327706
38108145
529512
50510621
2905
4722
139082
95806085
3823791
07475905
86060411
31054094
3888973
225860
1540585
90053433
8116
03617126
1002
55127
61703
6316
3081
254907
3668464
282657
613868
05052181
246995
3475
5693
2338
88878
70447426
0131984
97300722
4515771
40453
03220
1966
356821
31290
07351594
8343
9668981
7511
20990
8057409
03979
8637907
5594
1541330
8928777
29128884
66203929
6470
6322361
992066
475898
371544
4989576
04747477
3032
35255098
48140
80149
83168057
7580053
7809
45517280
45236809
233498
9648
25968018
344740
13843540
3491
50708
74546
2728
929222
1031
01054
320247
2850078
755377
1864176
327978
85270087
95593410
924079
97657
91112
4856738
3821696
69701
59945873
20965
308829
1165
78054903
51191
59521
78072743
538661
0868633
2361
08047071
1507
00124811
4170907
57645
79581727
5146552
260006
640713
4224
858000
639794
61850524
2616
73319063
47582
0075126
55976075
33213
3097
0047786
7018629
5273
5337018
6476
233337
6815837
0395513
871410
2441
25981
5987834
49269096
629992
58287976
9113780
76732
2072
2997066
30187316
092040
4109
00640027
9863884
315917
48164
37508112
16492
34444
8794
7172758
09560
77311844
183348
5015692
066797
37343
233550
83402
0023621
92329
47997
94315
8600823
76707
5868
0049306
91208
0463
777144
5005
69854973
76321
59625
89043768
415751
3854184
039921
908385
4555
8411697
61533104
01128
6449447
8039040
77817174
445416
89757
9681
45813
08091
21822614
6229470
9193926
827844
1811
648992
06067400
5590
8024
54155
4390457
00666
5812400
7708
544714
112897
99134
52849
1187603
13973
7808355
5244
25265
67534
6728262
2359
128460
147865
923329
6764
89634890
93745
600714
728817
6047892
1901
83963
064350
5190
0402919
5784
9898972
06335
362214
265990
855290
5011037
0602
3873493
3240
801050
2359581
347596
2408
85588926
64706
86112785
13331
62605268
60979
1485
76237339
048105
91373763
662226
10731286
010073
5371767
1034
640228
9632777
4333453
52146137
6756
79564
4996403
5833
38421
618030
58043
62636
488421
23476
52535340
9417676
85838213
046527
11217
9977
7944231
642948
57730
07287
92856
87267
6541
2633
15010
870186
337876
9436
087008
51572672
93297001
9954868
786281
45088775
7562080
7413
740249
84158
67583133
443257
843580
51075913
5849
94065992
9749
9453
33435
5090
3557
177198
13423
38920
116517
0568
03639085
5650573
57536835
714379
30491
3016453
254546
11577496
829544
1110
98441315
7883312
4970202
42928775
3742
5109520
36456527
083328
06754
2488851
43012
9836
98450492
34810763
3416
8365475
1216535
1681
59013
368015
60644949
826945
2936559
3788599
517740
45138
013110
28487415
43718427
8454031
3978
810077
3232520
97605105
55406
7795599
2408
4004
75576400
01766175
63876
63059800
159277
2997213
15490174
93315
78807013
77421
060001
4627765
1574
25159
810123
19512660
90491980
049516
06289574
11518
8608000
71549
9090
5731654
120672
1630
49317166
7267
939309
5851651
35100
45735
95051559
5994
4883305
54569723
77087080
788836
81768916
7176915
0650
6104657
98936
70091
036956
11672162
4501150
680317
92073
839817
36405
103885
1219
94126
1217726
695494
76817512
564464
4417061
40101101
818425
56159
969254
2821412
96515
91006293
9691
8598656
6099216
95575
4280
0244339
35353310
88830
7998207
0894999
1638
1066691
23262941
565433
7925
59688542
322236
62763287
9726
1955
70142
6576020
17543904
03094
71264400
4699
7676138
8671
79519
28139140
4686513
609825
28159
68387
751744
443089
74071612
3661
325545
610763
77027210
764264
516633
9924
311029
53357
35759
52846728
13350812
78615
25671
06705970
14190911
353917
3257
78210661
436482
06769
44451147
33375
9872238
38193769
71644413
320239
224738
616666
529660
39609
5935870
8462
17672
92913842
7938
08951
0703093
26943643
2877614
243374
308712
638112
73000
4664
7339
795400
4404110
1701122
31169977
6238080
65583672
79118625
74032
237666
88917900
5385
9479
0441143
273897
872681
87875212
2596197
655071
7728431
954058
68745
1560
7468
19499
5901
169057
7193
4843
81922
45049506
9233811
41805731
4165263
9588
73156
3280468
9669
01061
58062
716558
44572
58590
0625040
23156169
567729
92900320
8090
3693619
3934680
33989
0420
7063
6310
6683
81056
92962
1071538
8373
642071
46311401
15469
9866
17417219
90680715
74248879
4889
93508455
97300608
897631
4196
8062162
10163455
5550
97521
9117542
502844
8256
9268734
7989
819515
4874
01236316
52663
21316
8779
3696822
068533
8901427
820035
5611060
514992
18897
72620937
4123
1153180
2502056
993021
616699
700665
89211477
568643
3742480
33274
15576109
4275
6123313
49824
322294
95695215
12356
35646
99874327
530318
720367
7051834
087592
0123679
021993
3770
562602
84296566
453817
31431421
3464
377928
8698
43997177
818073
599282
0569
74885
65664013
74960
91287934
78271741
04560
1228751
7869
4842
9227
40502982
75333
5904753
34703555
0478
5276
66183885
8145756
82042583
8736
47116
84334134
64441696
285563
948242
0365572
270362
09624
6039
03359082
8363315
3449879
941932
01068
18683
7041
9170558
87193
1178024
8047621
85597901
8638
96939
3182438
402795
69971232
0468789
44351714
9752
311544
1649
64644301
6602300
51112985
201080
5162293
30246
0050408
8334
13999
26977
9555
4993688
39374
7957
16254
87685281
79618993
44535
723162
88788
68378
849164
4288
663468
5353066
48300265
8294
352413
252416
907997
72498695
5287290
5064978
3141650
8312503
218452
50250
6643661
6476
48807
81927
328668
31231
01824
69735
92271841
8990302
430549
14176196
65635668
798455
8093252
16291262
3637
54163655
37177
292511
1456
7408121
5740
927554
9708
80312
4815
05440709
0582371
7619
2756
97882069
612452
631148
44522732
462556
768901
3025
62052482
20408102
33960
12613
79609
1010
5001792
037009
637439
6760932
742516
52615802
1487
1169
12926897
74229249
2420
74539258
106000
5622
52951
5958005
58091210
0800406
60219235
971592
64380853
61461
482191
46468576
2580
75154966
3534340
6333
4109
0736496
58354822
354177
34455
4092843
4779
269431
6261364
49002277
6524
3741976
4774950
0795
85010
629536
90635463
4844331
964560
531582
2073
7870
188734
04948
01950552
00266632
89824819
950659
3978067
2055
0540
28569
9684
6020441
7211
937878
2160
43548
635341
76404
56334873
4681
9668780
120412
883427
61611
249703
567793
918343
69996
25823
8576530
9732664
55781
348884
5183041
7579882
176923
60410300
4401
1106
12701591
5592
2275256
0658069
48663483
91714629
100021
26456844
986315
28664788
78544720
51978919
466202
88287081
46879
1645
03658849
2577337
31424
30676
9692
4200745
77923
78385972
092518
432400
96174389
7509126
6043
1916
6571368
660212
3647416
131512
64736036
4709873
22052669
5012011
693102
54073
50430146
25106
462477
89524
3843
531069
58472
26175
0585
8896440
054354
411510
973456
9395
664482
349613
945683
201066
0862
37624767
91195950
1132
74143866
49139788
53784252
48910
8835278
81071617
3770941
38686619
1028
10997320
72702
08521
45768270
459014
195051
4397
450162
82901
22927
5904
050200
52842603
18604351
29973
41695254
7731
998414
6134619
59434398
71123
4124005
8294
5535951
69941
59937
61718
45309486
736504
04541
45448077
02610
9809425
807833
0531
935268
91828
31533718
0647362
88679519
5786
11907950
7746931
2884191
583570
4325
14132
18957864
79382091
2329
50758
9742
73181
2953
023754
549760
6728
7265292
93719056
5652
4772
86055
0807669
4903220
0519091
160624
30599129
2226
35454
4552612
67510
79806
045792
64997
2937266
3341761
18301984
107508
5684023
12493808
40143265
009504
71095485
2184160
13392378
15953969
4016618
04125
96962776
4851
383752
14909336
42804
336107
382101
7458722
3265461
592643
17467
5788879
2009
40512058
435173
0489508
1254732
30286552
9980588
572020
31799
3406592
03395
18059
305257
62684
3757685
33908920
0363210
62838992
96290353
4837
8049769
8638
86785664
4110
23594547
2362572
4362193
98954853
7064529
183598
1755
641187
152726
7460
43686
95465251
9692
37804
93746
7092284
4205928
267061
99719
717406
62924
11002690
8523131
5540
56566849
6664
14032446
8194963
635722
9740
8420
997305
593652
038403
7145
1988888
84802
3675035
999661
1673542
661678
1466
247199
7873
682689
5430569
065873
823600
354481
48230
7363864
67304105
814948
5692092
63804
63150
848474
2223
50226
18759
763884
9306
986808
619871
212753
0207
40918378
8402960
939195
12540
0624292
092004
4674
9057
092571
6936024
