9,69542

9,,69542

9,,6954,2

38447 

28 76

28 7 6

02,50

02,50,

 666014

 6660 14

9651,

1,93361

469202 02

469 202 02

469 202 02 

4543 72

4 543 72

4 54 3 72

38,6093

372333

3719491 8

3 719491 8

3  719491 8

200 8

 200 8

  200 8

,14461756

6051 5

6051  5

 6051  5

 20629

 2 0629

  2 0629

16323 430

16323 43 0

163 23 43 0

61926019

279076

09938 4

0993 8 4

4,477

,4,477

,4,,477

6315

81,99792

8,1,99792

 544996

 5449 96

 5449  96

8327,808

832,7,808

832,7,,808

060543

7332656

598143

498698,

7905512

2172 57

2172 5 7

2172 5 7 

90123732

486783

741 5

7 41 5

1922993 2

19229 93 2

19229 9 3 2

5845 7699

58 45 7699

58 45 769 9

5336,648

5336,648,

5336,,648,

498376,

962 63

 962 63

  962 63

585 2

5 85 2

5 85  2

1659,0

1,659,0

,1,659,0

921830

8094 149

942,04834

26,359

26,359,

418,666

41,8,666

92525

51 032987

367,2930

3,67,2930

3,,67,2930

919585

7077,699

32 81

5,0103336

5,010333,6

5,010333,,6

3025 98

 3025 98

76892 3

7689 2 3

1335 8543

1335 85 43

 1335 85 43

4,8699012

4,8699,012

4,8699,,012

6886 916

87846

71,27

71,,27

 4323

23870962

 46938

56 680

56  680

56  68 0

8,916823

2,779

2,7,79

944 18285

7758599

364 61785

364  61785

364   61785

7,2613

36026 823

36026 82 3

3602 6 82 3

27756712

7137727

0783645

372001

2515 1

25 15 1

5863972 

62 244

62 244 

6 2 244 

26644

6 77790

118,6

15 107

95497438

2 12115

2  12115

2  1 2115

45 539221

45  539221

790614

3492,3

3492,,3

 0411

  0411

  04 11

7 3136365

3 5048

273708,60

54,609

54,6,09

,5677879

778514

393,2

0265343

795093

69047 

47768395

85 727

85 727 

451635,9

354959,

 4680265

 4680265 

4740

84995,98

3263086

45754

0 7085087

3421

02 633238

03922

1,012

1,,012

,1,,012

3529 1585

3529 15 85

285 578

285 578 

1252503,

5200865

41441

38014234,

3801,4234,

964,03096

394700 

9,513

9,5,13

9,,5,13

09,327314

582 704

582 704 

80014

21038,2

210,38,2

9,862

33105325

56 79

56 79 

,9925535

,992553,5

,,992553,5

 29798

 29798 

606 2069

606  2069

8,773

03294 

,32981

,329,81

,3,29,81

808 16860

80 8 16860

8485 

8 485 

8 485  

0 575

384,7

1 8727

1 87 27

1  87 27

048515

42181 3

4218 1 3

4218  1 3

31843110

503943

408,563

408,563,

8195207

55257661

11631293

27265655

50189

36502 

669,17

669,1,7

4869

66 8714

4489793

71 333592

71  333592

8061

59 99415

59  99415

59  9 9415

27,87

27,87,

8317 

8 317 

812157

7 779

608539,33

309 8

236,63108

236,,63108

3088351 0

3088351 0 

3 088351 0 

1063327 0

94 30

9838

53978

840,6

840,,6

9 291

9 291 

,9164831

,,9164831

,,,9164831

57644 314

99312

2,4300

33586599,

,33586599,

9461705 5

819,28992

8327,0101

8327,010,1

883 890

883 89 0

883 8 9 0

428 60

428  60

43919498

8 9168877

9176465

170 94

45 6711

1 781576

55 33

59 67421

9586

157910

201,4766

201,4766,

099,9199

099,,9199

099,,9199,

0120 02

5467

8226

68375398

63,48313

63,4831,3

7476 5591

7476 559 1

 2948

 2 948

,504444

,50,4444

,,50,4444

011768

24835

0667883

19969654

091036

044,9

,044,9

,044,,9

,07564

,07564,

,07564,,

59934,195

3 4789

658418

93060970

868,401

868,40,1

1343761 4

13437 61 4

5748,26

57,48,26

,57,48,26

6,5887581

6,5887581,

,6,5887581,

2788293 0

7316 

 7316 

24 119981

24 119981 

24 1 19981 

282257

 94227428

 942 27428

580470

32211 7

3 2211 7

853859,53

853859,,53

6275185 

627 5185 

72988278

659 8754

659  8754

659   8754

934209

74085 1

3677

8,215

8,215,

8,,215,

423,759

423,,759

423,,,759

8004,6

0 516

 0 516

 0 5 16

49,48994

49,489,94

5298,0215

5,298,0215

5,298,0215,

993028

48373

9044

63 46

63 46 

63 46  

021 045

02 1 045

3,425811

3,4258,11

3,4,258,11

7473196

082,50023

08,2,50023

017,05

,017,05

,017,,05

4425396

61,16689

6,1,16689

6,,1,16689

94571 095

94571 095 

94571 095  

7298

1,900

 1995156

 199515 6

00 10

00 10 

9246502

2166,8

2166,,8

 809945

51 93

157011

92857

1 7458325

1 745 8325

9 936

9  936

98 05000

29206

155213,1

,155213,1

,0273310

,0273310,

,0,273310,

53294246

2899,4802

28,99,4802

13,30688

13,3,0688

3,793

3,,793

6818,

5176710

2 547653

2 5476 53

40686,

,40686,

,,40686,

09409,9

09409,9,

,09409,9,

9 8869

 9 8869

87349560

4290

43484 1

434 84 1

434 84  1

60,07807

60,0780,7

9426,3125

5268

21729226

849,861

84,9,861

84,9,8,61

9483 

99 30

8019,5354

890,98

5236495

23 2700

883 648

88 3 648

8 8 3 648

 588144

 5 88144

57724

 95080

 95 080

367,7

367,,7

367,,,7

850838

498660,2

4986,60,2

4986,,60,2

71998

78652 1

78652 1 

78652 1  

8514954

9745

5 222

5  222

5  2 22

77891

69694,6

696,94,6

,696,94,6

9102650 9

910 2650 9

5170

14,57785

3,128784

2200

641633 67

 641633 67

88995

5029,

502,9,

251617,01

,251617,01

6 9674

6 9674 

9925

329,0813

329,0813,

329,,0813,

8 3237815

8  3237815

57,4108

57,4,108

57,4,1,08

827,8

827,8,

866 6

866 6 

35340,

35,340,

35,340,,

2 3463

2493

4074309 7

745473,33

74547,3,33

28 91344

28  91344

28   91344

 8230

75 3761

5703466

183298 

1832 98 

761,9712

,761,9712

72586983 

7258 6983 

7258  6983 

 0485

 0485 

  0485 

405044 0

4 05044 0

1,8566853

1,8566853,

2895994

55870,250

,99072

,990,72

5,02506

52934,504

369809,8

17352

,5808

,58,08

1393,

486 2039

486 20 39

4 86 20 39

41266

277358

20867

90948

3,3400

3,34,00

874974,67

,874974,67

78588,468

,78588,468

,7858,8,468

6289215 1

62892 15 1

628 92 15 1

059835

267774

48049,65

480,49,65

98866,

98866,,

9434,

32509 7

8917352,1

89,17352,1

8,9,17352,1

173 3

173  3

,7562402

0101

31908

649192

7708 0

7708  0

8798 

719373

8823 0

8823  0

5026

48024822

0140

3297

5777

77801 83

77 801 83

 77 801 83

,26475

47329070

,6867

74 26999

083 22

 083 22

  083 22

35044

845692

8686221

28 21582

28 21 582

28 21  582

118 214

0625 

7907587

4961

7 654

7 654 

8130550,

,8130550,

669,69139

2374514,6

237,4514,6

237,4514,,6

,59452344

,594523,44

 919495

25 032571

4660 5

4660 5 

 4660 5 

740080

836725,4

836725,4,

836725,,4,

640301

43221714

73,438094

,73,438094

,577885

2758,

2758,,

2758,,,

408,94

408,,94

22304041

07996,7

07996,,7

07996,,,7

4700107 

4700 107 

1,61034

0122,77

4051253 0

405 1253 0

12784788 

127847 88 

1 27847 88 

7892,7

,3921378

,39,21378

95428114

99625

88257997

4199,

4239956,7

4,239956,7

527 0072

 527 0072

122,846

75625045

7845

892558

872 75887

872 758 87

87 2 758 87

 079413

  079413

  079 413

854747

,9446751

,9446,751

99 76435

48563,

78288,5

7,8288,5

58 167291

58 16 7291

,7367152

158 22

 158 22

 158  22

008187,6

0,08187,6

0,,08187,6

7,99263

,7,99263

,,7,99263

9,764

9,,764

568097

056,89

85350,744

85,350,744

85,35,0,744

86745616

386021

21 770

9442 13

594 6

859,81

859,8,1

003,23121

2751920,3

91,6541

28,8866

28,,8866

,28,,8866

66727611

63216,

6321,6,

6321,,6,

8677,6

7410263

05 2004

79754355

167894

41774688

269 69376

 269 69376

47963,820

320747

66041 447

660 41 447

 71802

 7180 2

 7180 2 

3804

055,2465

0,55,2465

89830099

2191184

3,1435382

3,1435382,

3,1435382,,

1 3910

 1 3910

 1 39 10

64847

84880,

057148,1

057148,1,

92,3666

278,30695

,278,30695

02394787

8539,

,8539,

,853,9,

6439841

10331 3

1033 1 3

6,044

3007

,0072475

,007247,5

,00,7247,5

569815

473024

1 037922

5 7759339

5408

9699446

918,899

,957249

,9572,49

,9572,,49

9,0944

9,094,4

2804239

8 079

8  079

01,45756

0,1,45756

,0,1,45756

1685529

7459

6877

8213

7321

0741209 

07412 09 

1839718

09044,

69524

1 65341

1 65341 

064,4

1443726

69474,98

69,474,98

69,,474,98

73923

79543 

79543  

2266,428

2266,,428

2,266,,428

00 8578

,787809

,,787809

691865,3

6918,65,3

6,918,65,3

36 34578

36 3457 8

3 6 3457 8

216683

360083 0

360083  0

8918 8

89 18 8

4 85527

 4 85527

,34230

,3,4230

,3,,4230

0 46550

0 4655 0

819982,9

2429922

31897156

3772364,2

1,0368245

1,0368,245

21067 01

5885,0470

5885,,0470

588,5,,0470

4,3413547

4,34135,47

 9956643

8481 5

 8481 5

48891

 78499361

 784993 61

 784993 61 

059,1803

0,59,1803

88533 

88533  

88533   

404154,2

4041,54,2

40,41,54,2

9879

917,04373

2633100 

26331 00 

6837 

 6837 

,1159028

,1159028,

27945 3

27945  3

27 945  3

3876535

55764

52713

5890 949

5890 94 9

8350,

8,350,

,7501

2797

90207647

3627

73342771,

7334277,1,

895657 

 895657 

9047 55

9047 5 5

09511 5

09 511 5

09 51 1 5

55771703

644435

718,212

,718,212

,718,,212

 84526

429993

22690

 76410

 764 10

 7 64 10

3127 811

3127  811

3127  8 11

1250 

 1250 

  1250 

8094

4952

591767 9

454336

31850 7

31850 7 

31850  7 

,3247

26474

2221

9211,3

60 2121

10845725

240 9

240  9

34036

4326,2491

4,77306

4,7,7306

493591 29

493 591 29

59 38

59  38

6,875

46 028602

4 6 028602

57 630

57 630 

605 14750

0458446 

04584 46 

045 84 46 

,956552

4563431

88082169

70,746

7,0,746

7,,0,746

85244 9

 0790

188537

 030911

 0 30911

61,69

61,6,9

61,6,9,

47999

34 1605

34 1 605

3 4 1 605

2175678 

2 175678 

2 1 75678 

 0152

33360

90176

76435

5133

11790749,

117907,49,

1,17907,49,

,4453

0272,42

0272,4,2

127542,

127542,,

543838,2

54383,8,2

54,383,8,2

34613644 

3461364 4 

112205

,6863

3961 9646

3 961 9646

4962,

4962,,

032535 0

032535  0

61169

462486,

462,486,

492576

7 8598

 7 8598

 1540225

  1540225

723301,

63194059

6369

3248,8

3248,,8

19992,5

67833 

5,949

5,94,9

45 5664

96473,67

96473,,67

6194

192237 1

192237  1

06531 4

66416849

33869102

422 6

4 22 6

9025 46

9025 4 6

 9025 4 6

5255 864

5255 864 

3556185 8

3521

492265

20441385

22795

0723,154

98,00

98,00,

98,0,0,

271,7152

271,7,152

271,,7,152

47456435

84354

3417 972

 3584

 358 4

 358 4 

 7523

,8626

838764

1,2413

1,2413,

8769137 

8769137  

8769137   

32598

7081086

,9344

,934,4

,93,4,4

94779

88054 87

 88054 87

61362

9728

97,865

97,,865

4832,053

4016425

66173024

5787,

8332903

1,80367

1,803,67

3470

0,2962553

0,2,962553

47543,

4,7543,

 2105593

  2105593

  210 5593

98,604

0468

3465

7634,2

6,9052

32398801 

724354

14287935

36969164

441035

94 78124

94 78124 

1835,84

9511640

32719217

63584,8

43258,32

4325,8,32

4325,8,32,

89242463

2855,908

2855,9,08

821 579

 821 579

439,68

439,,68

439,,68,

1 3527

 1 3527

6704

867,2

433 12

6920598

034879 63

034 879 63

0061582

0640 2694

1313 0

1 313 0

8315461

15,19875

15,,19875

66,084634

66,084634,

66,,084634,

080347,6

,080347,6

2195

2,0629

33 338637

33 3386 37

3 3 3386 37

807083,8

,807083,8

,8070,83,8

300 559

300 559 

30 0 559 

384102,

3841,02,

3841,,02,

0,529281

0,52,9281

158 20

158 20 

1861,

,1861,

,3052

,3052,

99898

5900055 

590 0055 

590 0055  

5396 

539 6 

,733105

,,733105

,,733,105

67296862

3095 8

3 095 8

824646,

8246,46,

458894

,88667

5748 9

5748  9

79874,293

7,9874,293

09,692

09,,692

28562907

4234

7130

91 384666

91 3 84666

24 65225

24  65225

4 244

4 244 

4 24 4 

0248155

121320

2933 5

29 33 5

3933477,

39334,77,

4582

13871

2087827 8

2087827  8

7 24221

7  24221

7  2 4221

4227,

422,7,

,422,7,

668,80798

 85431

 85431 

00 36

00  36

97,56

6109886

61,637

6,1,637

6,1,6,37

73424635 

34 8567

34 8567 

34 8567  

8885,4

888,5,4

,888,5,4

0895

8345

50562

175 0

17 5 0

17 5  0

0,6040

 9101609

1 279

1 27 9

1 2 7 9

757 800

6933,71

6933,7,1

6933,,7,1

1,688130

,1,688130

561086

,4325

,4,325

5,162955

63747662,

637,47662,

41,54

2 3495859

2 3495859 

362 97245

0 8993

0 8993 

0  8993 

,036938

,,036938

,,,036938

456 7997

456 799 7

456  799 7

88309 9

8830 9 9

996886

43716

371265,

99806019

56908049

1275179

9 2544

88087

18141,3

18141,3,

47759105

602424,82

9744230

9966

896341

894,47919

894,,47919

894,,47919,

0540 4

05 40 4

14505

217 681

21 7 681

77924

2582

8258 2

825 8 2

 825 8 2

22853802

757150

40359807 

40 359807 

 40 359807 

396056

17993236

0775 06

282,10

28,2,10

28,2,,10

 9977

 9977 

  9977 

5 14378

5 14 378

617,5

569,79

569,7,9

5415 2190

5415 21 90

92066,

778306,

4345910

6805 46

559630

79,475304

,79,475304

,79,475,304

 2655

5693 

5 693 

37805689

45,32269

45,,32269

45,,,32269

214,43

214,,43

2715 8

2715 8 

271 5 8 

3715,583

3715,,583

3715,,,583

877975,8

96807,327

2986924

0778 548

0778 54 8

0778 54  8

82 298

827 7

4420881

8533937

21 76599

2 1 76599

2  1 76599

5250

5110701

86336

15692

43885 

4 3885 

4 3885  

4604 

4604  

46 04  

8904942

688263

7,028

7,,028

7588516

1681,0

297853

3113220,

10 638

10 63 8

10 6 3 8

8666,5975

8666,,5975

8666,,5975,

8757

 30270387

 3027038 7

 302 7038 7

2 1963448

2 19634 48

5717127

97218

37537,476

37537,4,76

63286 3

63286  3

6 3286  3

5595 

6537 6096

65 37 6096

58092 63

937454 

 937454 

 937 454 

17657 89

176 57 89

6204 96

620 4 96

6 20 4 96

,7269761

,72,69761

,72,6,9761

,0520

,,0520

,,0,520

400999

038285 

75 69627

 75 69627

6992544

062343

327706

38108145

52951 2

 52951 2

 52951  2

50510621

2 905

4 722

 4 722

139082,

9580,6085

3823791

,07475905

,86060411

,,86060411

3,1054094

38889 73

38889  73

38889  73 

225860,

225,860,

1540585

90053433

81,16

,81,16

03,617126

1002

55127

61703

,6316

,,6316

,,,6316

,3081

2,54907

2,,54907

366 8464

366 84 64

366 84 64 

282657

6 13868

6  13868

050521 81

050521  81

050521   81

2 46995

2 469 95

2 469  95

3475

5693 

5 693 

5  693 

2338

88878

70447426

0131984,

97,300722

97,30,0722

4 515771

40453

03220

19 66

356821

31290

07351 594

07351 594 

,8343

9668981

7,511

7,51,1

20 990

8 057409

8 0574 09

8  0574 09

0,3979

0,397,9

8 637907

8 6 37907

 8 6 37907

55 94

55  94

 55  94

1541330,

,1541330,

89287,77

89287,7,7

89287,7,,7

29128884

66203929

6470

 6322361

  6322361

  6322 361

99 2066

475898

3715 44

498,9576

498,9,576

498,9,,576

0474747,7

,0474747,7

30,32

3,0,32

,35255098

,3525,5098

,3525,5098,

48140

801 49

801 49 

83168057

7580053

780 9

 780 9

45517280

4 5236809

2,33498

2,33498,

2,,33498,

96,48

96,,48

25968018

34 4740

13 843540

13 843 540

13 8 43 540

 3491

 34 91

 34  91

50 708

 50 708

74546

 2728

  2728

  27 28

929 222

929 2 22

103 1

103  1

1 03  1

01054

3,20247

3,20247,

3,,20247,

 2850078

755377,

1864176

32797 8

8527 0087

95593410

924079,

924079,,

,924079,,

97657

91112

485 6738

 3821696

  3821696

  3821696 

69701

5994587,3

5994587,,3

20,965

308829

1165,

1165,,

7805490 3

7805490  3

7 805490  3

51191

 59521

78072743

538661

0868633

 2361

08047071

1 507

0012481,1

00124,81,1

001,24,81,1

4170907,

5764,5

795817 27

5146552

2600,06

,2600,06

6407,13

640,7,13

640,,7,13

4224

858000

639794

61,850524

261 6

73319 063

7331 9 063

47582

007,5126

5597607,5

55976,07,5

3 3213

3  3213

3097

 0047786

7018629

5273

5337018

6476

2 33337

681583,7

68158,3,7

0395,513

,0395,513

871 410

871  410

2441

25981

598,7834

49269096

629992

58287976

9113780 

767,32

,767,32

,7,67,32

,2072

2997066

3018,7316

3018,7,316

3018,,7,316

09,2040

09,20,40

,4109

0064 0027

0064 00 27

986,3884

9,86,3884

31591,7

31591,,7

31,591,,7

48164 

4 8164 

37508112 

375081 12 

375 081 12 

16492 

34444

8794 

87 94 

717275 8

717275 8 

09560 

09 560 

09 56 0 

7731,1844

183348

5015692

066797

3734 3

3734  3

233550

83402

 0023621

  0023621

  0023621 

92,329

92,329,

479,97

94315

8600823

76707

5868

0049306

91208

0463,

0463,,

0,463,,

777144,

500 5

69854973

7632,1

7632,,1

596 25

5 96 25

89043768

4,15751

3854184

039921

908385

455 5

84116 97

84116 9 7

6153 3104

6153 310 4

01128

6,449447

6,4494,47

6,4,494,47

8039040

77817 174

77817  174

77817  1 74

445416

89757,

897,57,

,9681

,45813

,45,813

08 091

08 091 

08 091  

218226,14

218226,,14

21,8226,,14

6,229470

6,229470,

9193926

827844

1811

648992

,06067400

,,06067400

,,060,67400

559 0

559  0

8024

,54155

,,54155

,,541,55

43,90457

43,90457,

00666

,5812400

,581240,0

,,581240,0

770 8

544,714

112897 

11 2897 

11  2897 

9913 4

9913 4 

 52849

 5 2849

11876 03

1187 6 03

1 3973

7808355

,5244

2,5265

2,,5265

67534

67282,62

2359

 128460

 128 460

 128  460

147865

9 23329

676,4

676,4,

896348,90

93745

600 714

600 714 

600 71 4 

728817,

728817,,

6047892

19,01

,19,01

,19,,01

839 63

839  63

839   63

 064350

 5190

 51 90

040 2919

040  2919

578 4

578  4

57 8  4

989 8972

989  8972

06 335

36221,4

3622,1,4

2 65990

855290

5011037

 0602

38,73493

,38,73493

,,38,73493

324 0

324 0 

324 0  

801050

235958 1

235958 1 

347,596

34,7,596

2408

85588 926

64706

8611 2785

861 1 2785

 861 1 2785

13331,

62605268

6097 9

14 85

14 8 5

14 8  5

76237339

0481 05

0 481 05

91373763

662226 

10731286

01 0073

01  0073

537,1767

1,034

64,0228

9632 777

4333453

52,146137

52,1,46137

6756 

79564

4996403

 5833

38421

618030,

58043

62636

488421,

23476

525353 40

 525353 40

94 17676

858 38213

858 38213 

858 382 13 

046 527

046  527

046   527

112,17

112,,17

,112,,17

9977

79 44231

79 44231 

64,2948

5773 0

072,87

,92856

,87267

6,541

2633

15010

8701,86

,8701,86

,8,701,86

337876,

3,37876,

3,3787,6,

,9436

,,9436

087008

51572672

9,3297001

9,3297,001

9954868

786281

450887,75

4508,87,75

75,62080

7413

7,40249

,7,40249

8 4158

8 4 158

675831 33

675831 33 

675831  33 

443257

8435,80

51075913

5849

9406,5992

9406,,5992

94,06,,5992

 9749

9453 

33 435

33 4 35

33  4 35

5090

355 7

35 5 7

1771,98

,1771,98

,1771,98,

13423,

389,20

38,9,20

116517 

116 517 

05 68

,03639085

56 50573

 56 50573

5753683 5

575368 3 5

714379

30 491

30  491

301645,3

25,4546

25,454,6

25,4,54,6

11577496

829544

1 110

984413 15

984413 1 5

984413 1 5 

 7883312

4,970202

4,,970202

4,,,970202

42928775

3742

5109520

36456527 

364 56527 

3 64 56527 

083328

0,6754

0,,6754

0,,,6754

,2488851

,2488851,

,24888,51,

4301 2

 4301 2

9836

98450492

348,10763

,3416

83,65475

83,,65475

 1216535

 121653 5

 121653  5

1681

,59013

36801 5

60644949

82694,5

826,94,5

82,6,94,5

2936559,

29365,59,

29365,,59,

37885,99

37885,,99

37885,,99,

5 17740

45138

,013110

,01311,0

284,87415

4,3718427

4,,3718427

4,,,3718427

8454031

3978

810077

32325,20

9760510 5

9760 510 5

9 760 510 5

55406

779 5599

779 5599 

2408

400,4

7557 6400

 01766175

 01 766175

6,3876

63059800

159277

299 7213

299 721 3

299 721 3 

1549,0174

1549,,0174

,93315

7880701 3

7880701  3

7880701   3

 77421

 77 421

 77  421

06000 1

06000  1

4627765 

4 627765 

1,574

25159 

25159  

810123

19512660

90 491980

90 49 1980

 90 49 1980

049516

06 289574

06 2 89574

06 2 89574 

11518 

11518  

11 518  

8608,000

7,1549

7,1,549

9090

5 731654

5 731 654

5  731 654

 120672

 12 0672

  12 0672

163 0

16 3 0

493,17166

,493,17166

 7267

  7267

9393,09

585165,1

58,5165,1

35100 

45735

9505155,9

950515,5,9

599 4

 599 4

  599 4

 4883305

  4883305

 54569723

77,087080

788836

81768916

71 76915

71 7 6915

 71 7 6915

0 650

6104657 

61 04657 

 98936

70091

036956

11672162,

11,672162,

,11,672162,

4501150

680317

92073

839,817

36,405

,36,405

1 03885

1  03885

,1219

,12,19

94126

12,17726

695494

76 817512

 76 817512

 76 8 17512

564,464

564,,464

564,,,464

4417061

40101101

818425

5615,9

5615,9,

,5615,9,

969254

2821412

96,515

91006293

96 91

96  91

96   91

8598656

6099216

95575

4280 

42 80 

4 2 80 

0,244339

353533 10

353533  10

88830

7998207

08949,99

08949,,99

,1638

,163,8

,1066691

232629 41

565433

7 925

 7 925

596,88542

,596,88542

,5,96,88542

3222,36

3222,3,6

3222,,3,6

 62763287

  62763287

9726 

972 6 

972  6 

19,55

19,5,5

70 142

70 1 42

70 1 42 

6576020 

6 576020 

175 43904

175 43 904

0 3094

7 1264400

7 1264400 

469,9

7676138

86 71

79519 

2813 9140

2813 9 140

2813  9 140

4,686513

4,686,513

4,686,,513

609825

2,8159

,2,8159

68387

751744

44308 9

4 4308 9

74071612

3 661

3  661

3  6 61

325545

6 10763

77027210 

 77027210 

,764264

,,764264

516633

,9924

311029

5,3357

5,335,7

5,335,,7

,35759

528467 28

52 8467 28

13350,812

78615

 25671

 25 671

067059,70

,067059,70

,067059,,70

14190911

35391 7

35391  7

3 257

3  257

78210661

4,36482

,4,36482

 06769

44451147

33375

987 2238

987 223 8

987  223 8

3,8193769

3,819,3769

3,819,37,69

71644,413

3,20239

,3,20239

224738

616666

52966,0

5296,6,0

3960,9

5935870

,8462

,,8462

17,672

17,67,2

92913 842

79,38

,79,38

08951

0703093

26943643

2877614 

 2877614 

243374

30,8712

 638112

73000,

,73000,

,7300,0,

4664

7 339

7  339

 795400

 7 95400

 7 9 5400

440,4110

44,0,4110

1701122

31169977,

311699,77,

311699,,77,

62,38080

65583672

791 18625

791 1 8625

74032

2376 66

23 76 66

8,8917900

,5385

94 79

 94 79

  94 79

0441143

273897

872681

87875,212

87,875,212

2596197

65507,1

65507,,1

7,728431

7,,728431

954058 

68745

1560,

1,560,

1,56,0,

746 8

 746 8

 7 46 8

19499

590 1

590  1

5 90  1

169057

7193

4843

81922

4504 9506

4504  9506

4504  9506 

9233811

418057,31

4165,263

,9588

,9,588

73156

3280468 

 3280468 

 328 0468 

966,9

01061 

0106 1 

580,62

716558

445 72

445 72 

5859,0

5,859,0

0625040 

062504 0 

062504  0 

23156169

567729

92900320

8 090

36,93619

36,93,619

36,,93,619

3934 680

3934 6 80

3934  6 80

33989,

042 0

0 42 0

0 42 0 

70 63

7 0 63

7 0 63 

6 310

6 3 10

6683

81056,

8105,6,

,8105,6,

929 62

9 29 62

1071538,

1071538,,

1071,538,,

8,373

6 42071

6 42071 

6 4207 1 

46311401

 15469

 154 69

 15 4 69

9866

174172 19

17 4172 19

17 4172  19

9 0680715

9 06 80715

 9 06 80715

7 4248879

7 42488 79

7 4 2488 79

,4889

,4,889

935084 55

97300608

897631

4196

80621 62

80621 6 2

80 621 6 2

101 63455

101 6 3455

101 6 34 55

5550

97521

9 117542

9 1175 42

9 1 175 42

502844

82 56

92 68734

92 687 34

92 687 3 4

79,89

819515

487,4

,487,4

 01236316

52 663

52 663 

2131 6

2131 6 

213 1 6 

8,779

,3696822

068533

8901427

82003 5

82003 5 

56110,60

56110,60,

56110,6,0,

5 14992

188 97

188 97 

188 9 7 

7262093,7

72,62093,7

4123

115 3180

2,502056

2,5,02056

,2,5,02056

99,3021

6 16699

6 16 699

6 16 6 99

70066,5

70066,,5

700,66,,5

89211477

568643

3742480

 33274

  33274

15576109

4275,

612,3313

612,,3313

4,9824

,4,9824

,4,9824,

322294

956,95215

956,9521,5

956,952,1,5

12 356

12 356 

3 5646

3 5646 

3 5646  

99874327

530318

7203 67

7051834

087592

012367 9

012367 9 

0123 67 9 

021993

,3770

,,3770

,,37,70

56260,2

5,6260,2

5,6260,2,

8429656 6

4538,17

4538,,17

45,38,,17

31431421

3 464

377928

8,698

8,698,

4399717,7

4399717,,7

818073

59928,2

59928,,2

599,28,,2

0569

,74885

,7,4885

,7,4885,

65664013

74960

91287,934

91,287,934

91,,287,934

7827,1741

782,7,1741

0 4560

0 45 60

1228751

7,869

7,86,9

484 2

9227

 40502982

 405 02982

 405 0298 2

7 5333

7  5333

5904 753

 5904 753

34703555

0478 

04 78 

5276,

5,276,

66183885

8145756 

82042583

8 736

47116

8 4334134

8 43341 34

644 41696

644  41696

644   41696

285563

9482 42

94 82 42

03655,72

03655,72,

,270362

,270362,

,270,362,

0962 4

0962 4 

0962  4 

6039

03,359082

8363315

3449879

,941932

01068

1868 3

186 8 3

1 86 8 3

7041,

704,1,

9170558

87193

1178024

8047621

8,5597901

8,5597901,

8,638

8,,638

96,939

96,93,9

96,9,3,9

3 182438

3 182 438

3 18 2 438

,402795

,402795,

699712,32

699712,,32

699712,,32,

0468789

44351714

9,752

9,7,52

3115 44

164 9

6 4644301

6 602300

6  602300

5,1112985

201080 

201080  

51622,93

51622,,93

30246 

0050408

833 4

1399,9

1399,,9

13,99,,9

2697,7

2697,,7

2697,,7,

9555 

9555  

4993688

39374

7957 

162,54

16,2,54

876 85281

8 76 85281

8 76 85 281

796189,93

 44535

 44 535

72 3162

7 2 3162

7 2 316 2

8878,8

 68378

 6 8378

 6 8378 

849164

4288

663468

5353 066

483 00265

483 002 65

483  002 65

,8294

352413 

35241 3 

35241  3 

,252416

,2524,16

907997

72498695

5287290

5064978

3141650

8312503

218452

50250

6643661

6476

4 8807

4  8807

4  88 07

81927

328668

31231

01824

697,35

697,,35

697,,,35

9,2271841

8990302

4 30549

4 3 0549

4 3 0549 

14176196

65,635668

65,63,5668

65,,63,5668

79845,5

8093 252

1629126 2

16291 26 2

36 37

54163655

3717,7

37,17,7

,37,17,7

292511,

29,2511,

1456

7408121

5,740

5,740,

927554

9708

80312 

48,15

48,15,

054407 09

0 54407 09

05,82371

05,823,71

7619

2756

9788 2069

978 8 2069

6 12452

631148

44522732

462556 

46 2556 

76890,1

30,25

,30,25

,30,,25

62052482,

620524,82,

620,524,82,

2040810 2

33960

12 613

12 613 

79 609

79 60 9

1 010

1 01 0

5001792

0370 09

037 0 09

6,37439

6760932,

67609,32,

6,7609,32,

742516

52615802

1 487

116,9

12926897

7 4229249

7  4229249

7  4229 249

2420

7453 9258

106 000

106 0 00

106  0 00

562 2

52951

5958005

58 091210

58 0912 10

58  0912 10

08004,06

08004,,06

0800,4,,06

60219 235

971592

64 380853

6 4 380853

6 4  380853

61461

482 191

46468576

2580

75 154966

75 15496 6

75 1549 6 6

3534340

6333

4109

0736,496

5835482 2

5835482  2

35417,7

3541,7,7

34455

409,2843

409,28,43

4,09,28,43

47,79

47,,79

47,,,79

,269431

,,269431

6261364

4900 2277

4900 22 77

6524,

,6524,

37 41976

 37 41976

 37  41976

4774950

0795

850,10

629536

9063 5463

484433,1

,484433,1

,48,4433,1

9,64560

53 1582

 53 1582

2073 

7,870

7,870,

188734

 04948

01950552

00 266632

0 0 266632

89824819

950,659

3978067

2055

0540

,28569

,2,8569

,2,8569,

968,4

968,,4

968,,,4

602044,1

6020,44,1

6020,,44,1

7211

937878 

9 37878 

216,0

43548

635341,

6,35341,

,6,35341,

76404 

76404  

5633487 3

468,1

46,8,1

966,8780

966,,8780

120412

883427

61611

249,703

24,9,703

24,9,70,3

5,67793

5,677,93

,5,677,93

918 343

6999,6

6999,6,

6999,6,,

25823

85,76530

8,5,76530

8,,5,76530

97326,64

55781

348884,

3488,84,

51,83041

51,83041,

7579882 

1,76923

1,7,6923

,1,7,6923

 60410300

44,01

1106

1270,1591

1270,1591,

1270,15,91,

5592

2275256

0658 069

48 663483

48 663 483

917,14629

100021

26456844 

98631 5

2,8664788

2,8664788,

78 544720

78 544 720

78 54 4 720

51,978919

51,97,8919

51,97,,8919

466202 

46 6202 

88287 081

88287 0 81

88287  0 81

4687,9

468,7,9

 1645

  1645

0,3658849

0,365,8849

25 77337

,31424

,,31424

30676

9 692

420,0745

420,074,5

7,7923

7,79,23

78385972

0925,18

0925,1,8

4324 00

 4324 00

96174389

750 9126

750  9126

750   9126

,6043

,,6043

,,604,3

1916,

191,6,

1,91,6,

65713,68

65713,6,8

660212

364,7416

36,4,7416

36,4,,7416

13151,2

13151,,2

6,4736036

4709 873

 4709 873

 4 709 873

220526 69

50120,11

69310 2

69310 2 

693 10 2 

54073

5,0430146

5,,0430146

5,,04,30146

25106

462477

89524 

89 524 

89 524  

3 843

3 8 43

531069 

58472 

5 8472 

 5 8472 

2617,5

058 5

 058 5

8,896440

8,89,6440

 054354

  054354

4 11510

4 1151 0

973456,

9 395

9 39 5

664482,

34961,3

 945683

201066

0862

3 7624767

3 76247 67

91,195950

91,195950,

91,19,5950,

1132 

74143866,

74143,866,

49 139788

53784252

4,8910

4,8,910

4,8,,910

883527 8

883527 8 

81071 617

81071 61 7

3770941

38686619

 1028

  1028

1099732 0

1099 732 0

72,702

7,2,702

7,2,70,2

 08521

 08521 

45 768270

45 768 270

45,9014

19 5051

43 97

43 97 

43  97 

4501 62

 4501 62

  4501 62

82,901

82,,901

2 2927

2  2927

5 904

5 904 

 5 904 

050200

52842603

18604351 

186 04351 

,29973

,2,9973

4169,5254

,7731

9984 14

6,134619

59434398

711,23

412 4005

4 12 4005

4  12 4005

,8294

 5535951

69 941

59 937

59  937

59   937

6,1718

6,,1718

4530 9486

4 530 9486

736504

,04541

,04541,

45448077

02610

9809425

807833

,0531

,,0531

935268

,91828

,91,828

31533718

0 647362

0 6 47362

8 8679519

,5786

1 1907950

1 1907 950

77 46931

77 469 31

77  469 31

2884191

583570

432 5

432 5 

14132

18957864

79382091

2329

 50758

9742,

9742,,

73 181

2,953

2,,953

,2,,953

023754

549760 

6728

7265292

937190,56

9,37190,56

5,652

,5,652

,,5,652

4772

860 55

 860 55

 860 5 5

0807669 

4903220

0519091

160624

,30599129

22 26

,35454

,3,5454

,3,5,454

4552612 

4 552612 

4 552 612 

6,7510

7980,6

045792

64997 

64 997 

,2937266

 3341761

,18301984

,18301,984

,1,8301,984

1 07508

1  07508

1  075 08

5684023

12493,808

40,143265

,40,143265

,40,14,3265

009,504

,009,504

71095485

 2184160

 2184 160

1 3392378

15953969,

159,53969,

15,9,53969,

4016618,

04,125

,04,125

,0,4,125

,96962776

,96962776,

 4851

  4851

3837,52

38,37,52

38,37,52,

149,09336

42804 

 42804 

3361,07

3361,,07

382101

7458 722

7458  722

3,265461

592,643

,592,643

,5,92,643

,17467

5788,879

578,8,879

,2009

,200,9

40512058

4 35173

4  35173

4   35173

048,9508

1254732

30286552

9980588

,572020

,,572020

31799

 3406592

033 95

18059

305 257

62,684

62,68,4

,3757685

,3757685,

,3757685,,

33908920

03,63210

03,6321,0

628389 92

962903,53

4837

80 49769

80 49769 

 8638

867856 64

4110

23594547

236257 2

 236257 2

4362193

98954853

7064 529

7064 52 9

7064  52 9

183598

1755

6,41187

6,41187,

6,4118,7,

15 2726

74,60

74,60,

43686 

436 86 

436 8 6 

95,465251

9692

3,7804

9,3746

9,,3746

9,,37,46

70922,84

70,922,84

420 5928

42 0 5928

42 0 5928 

 267061

 2 67061

 2  67061

997 19

997  19

717406

6292 4

629 2 4

1100,2690

11,00,2690

85231,31

554,0

554,0,

5,54,0,

56566849

6664,

14032446

8194963

63 5722

 63 5722

 63 572 2

9740 

 9740 

 974 0 

8420

997305

593652

0384 03

 0384 03

 0384  03

714 5

7 14 5

7 14 5 

1988888

 84802

 8 4802

3,675035

3,,675035

99,9661

9,9,9661

9,,9,9661

1673542

661678

1466

,247199

,,247199

,,24719,9

7,873

7,,873

68,2689

,68,2689

,6,8,2689

5430569

065873

823600

35448,1

48230

7363 864

67304105

814,948

814,9,48

814,9,,48

5692 092

 5692 092

  5692 092

63804

63150

8 48474

8 484 74

22,23

2,2,23

2,2,23,

50226 

18 759

18 75 9

 18 75 9

763 884

763  884

9,306

986808

619871

2127 53

020,7

409,18378

409,,18378

8402960 

8402 960 

939195

12540,

06 24292

092004

4674

9057

0 92571

6936024

